[Main]
State=6
[Phase1]
LearnSampleFileName=Y:\документы\6 курс\1 курс\—ћјƒ«”\SMADZU-uni\10\10-1.txt
[Phase2]
AvailableFieldsCount=3
FieldName_0=in
FieldType_0=0
NormType_0=0
MAX_0=9.53937161097369
MIN_0=0.235592851817802
MID_0=4.67547772664354
DISP_0=2.62036048338528
ALPHA_0=1
FieldName_1=out
FieldType_1=0
NormType_1=0
MAX_1=9.84070152786269
MIN_1=0.0248424596083661
MID_1=4.00267465369962
DISP_1=2.87898082376657
ALPHA_1=1
FieldName_2=res
FieldType_2=1
NormType_2=0
MAX_2=3
MIN_2=1
MID_2=2
DISP_2=0.817860820109532
ALPHA_2=1
Idexing=2
IND_INIT=47265164
[Phase3]
HideLayers=1
Layer_1=10
Alpha=2.77
[Phase4]
UseForTeach=80
TeachSpeed=0.1
Miu=0.9
IdentErr=0.05
TestAsValid=0
Epoch=0
EpochC=10000
MaxTeachErr=0
MaxTeachErrV=0.05
MidTeachErr=0
MidTeachErrV=0.05
TeachIdent=0
TeachIdentC=80
MaxTestErr=0
MaxTestErrV=0.05
MidTestErr=0
MidTestErrV=0.05
TestIdent=0
TestIdentC=80
[Network]
TeachSpeed=0.1
Miu=0.9
Alpha=2.77
Epoch=3963
CountLayers=3
Layer_0=2
Layer_1=10
Layer_2=1
W_0_0_0=0.0521700642933731
W_0_0_1=0.390154392522857
W_0_0_2=-1.00114807652071
W_0_0_3=3.65867355840844
W_0_0_4=-0.0307131958038589
W_0_0_5=-0.355679695384561
W_0_0_6=-1.01632640829074
W_0_0_7=1.11662527363574
W_0_0_8=3.44263260031845
W_0_0_9=3.54115318776263
W_0_1_0=0.776765825473769
W_0_1_1=0.285478093964679
W_0_1_2=2.86862043053874
W_0_1_3=0.476074737435792
W_0_1_4=1.36446752100018
W_0_1_5=1.01327606832703
W_0_1_6=2.44128958046078
W_0_1_7=-0.693787066561273
W_0_1_8=0.425945611568903
W_0_1_9=0.313295415891696
W_1_0_0=0.141179169650962
W_1_1_0=0.0706780891081873
W_1_2_0=2.57347161873328
W_1_3_0=1.42279366702217
W_1_4_0=-0.197554512909086
W_1_5_0=-0.293515092834864
W_1_6_0=2.1257206201371
W_1_7_0=-2.27610367940386
W_1_8_0=1.233480923436
W_1_9_0=1.31110395509058
WT_0_0=-0.359666132275219
WT_0_1=-0.6754991704012
WT_0_2=-0.778483996344516
WT_0_3=0.791598445177906
WT_0_4=-0.353321331218746
WT_0_5=-0.0760180458043927
WT_0_6=-0.79881192113143
WT_0_7=0.619832292016922
WT_0_8=0.825850858030354
WT_0_9=0.70438974981685
WT_1_0=-1.70839192309686
