[Main]
State=6
[Phase1]
LearnSampleFileName=Y:\документы\6 курс\1 курс\—ћјƒ«”\SMADZU-uni\10\10.txt
[Phase2]
AvailableFieldsCount=3
FieldName_0=in
FieldType_0=0
NormType_0=0
MAX_0=9.97695237219024
MIN_0=0.0128751526817861
MID_0=4.88469171685113
DISP_0=2.90689594471206
ALPHA_0=1
FieldName_1=out
FieldType_1=0
NormType_1=0
MAX_1=9.99161752061117
MIN_1=0.020442515456558
MID_1=5.04734483263117
DISP_1=2.86316394678876
ALPHA_1=1
FieldName_2=res
FieldType_2=1
NormType_2=0
MAX_2=1
MIN_2=0
MID_2=0.509
DISP_2=0.500169140560643
ALPHA_2=1
Idexing=2
IND_INIT=51015922
[Phase3]
HideLayers=1
Layer_1=10
Alpha=2.25
[Phase4]
UseForTeach=80
TeachSpeed=0.1
Miu=0.9
IdentErr=0.05
TestAsValid=0
Epoch=0
EpochC=10000
MaxTeachErr=0
MaxTeachErrV=0.05
MidTeachErr=0
MidTeachErrV=0.05
TeachIdent=0
TeachIdentC=80
MaxTestErr=0
MaxTestErrV=0.05
MidTestErr=0
MidTestErrV=0.05
TestIdent=0
TestIdentC=80
[Network]
TeachSpeed=0.1
Miu=0.9
Alpha=2.25
Epoch=8653
CountLayers=3
Layer_0=2
Layer_1=10
Layer_2=1
W_0_0_0=-13.9662559173147
W_0_0_1=54.1349555821512
W_0_0_2=-11.4706866330675
W_0_0_3=20.8059326998613
W_0_0_4=22.9210841259435
W_0_0_5=22.6620292921196
W_0_0_6=-47.0016246454967
W_0_0_7=21.265516641312
W_0_0_8=45.3576484653664
W_0_0_9=46.3964303913632
W_0_1_0=-63.2670355559916
W_0_1_1=-1.99297385603012
W_0_1_2=57.4314049894454
W_0_1_3=-9.20119498981915
W_0_1_4=3.92125433119019
W_0_1_5=-0.448774303804651
W_0_1_6=-16.3936324773364
W_0_1_7=52.7633568397017
W_0_1_8=-28.3302637111669
W_0_1_9=-36.6747242793815
W_1_0_0=-20.5094932710054
W_1_1_0=-12.4983746556063
W_1_2_0=-22.9050873902516
W_1_3_0=-14.6325033953139
W_1_4_0=3.89230732471694
W_1_5_0=-2.95547066739765
W_1_6_0=-22.1644071551692
W_1_7_0=-22.7816175347943
W_1_8_0=20.4735417075496
W_1_9_0=-13.6437941153743
WT_0_0=-48.0214723760236
WT_0_1=-44.4846821820453
WT_0_2=-44.8772743665775
WT_0_3=-0.864501341357769
WT_0_4=7.03030544829964
WT_0_5=13.0032222095802
WT_0_6=-39.0416810724716
WT_0_7=-43.3887272818218
WT_0_8=40.5830318372858
WT_0_9=-46.153505099166
WT_1_0=-1.64212132873244
